387979122
389438781
389442906
389449179
389478663
389480902
389499476
389568833
389591994
389612440
389617947
389618389
389635183
389643709
389646395
389653357
389653681
389664342
389664616
389664675
389664708
389666802
389666834
389671462
397555115
397556470
397576600
397579507
397592957
397594304
397594433
397596121
397596564
397597603
397643384
397644200
397644337
397644686
397652196
397653732
397653981
397654339
397654361
397655265
397655909
397656404
397656424
397657967
397658510
397663774
397666477
397667192
397669665
397671692
397672182
397673826
397674675
397675313
397677704
397686112
397690209
397690946
397692507
397703002
397706800
397713160
397747162
397768877
397769180
397792892
397802313
397827963
397830495
397853120
397874133
397951702
